0.000    0.000
0.101    0.010
0.202    0.041
0.303    0.092
0.404    0.163
0.505    0.255
0.606    0.367
0.707    0.500
0.808    0.653
0.909    0.826
1.010    1.020
1.111    1.235
1.212    1.469
1.313    1.724
1.414    2.000
1.515    2.296
1.616    2.612
1.717    2.949
1.818    3.306
1.919    3.683
2.020    4.081
2.121    4.500
2.222    4.938
2.323    5.397
2.424    5.877
2.525    6.377
2.626    6.897
2.727    7.438
2.828    7.999
2.929    8.581
3.030    9.183
3.131    9.805
3.232   10.448
3.333   11.111
3.434   11.795
3.535   12.499
3.636   13.223
3.737   13.968
3.838   14.733
3.939   15.519
4.040   16.325
4.141   17.151
4.242   17.998
4.343   18.865
4.444   19.753
4.545   20.661
4.646   21.590
4.747   22.539
4.848   23.508
4.949   24.498
5.051   25.508
5.152   26.538
5.253   27.589
5.354   28.660
5.455   29.752
5.556   30.864
5.657   31.997
5.758   33.150
5.859   34.323
5.960   35.517
6.061   36.731
6.162   37.966
6.263   39.220
6.364   40.496
6.465   41.792
6.566   43.108
6.667   44.444
6.768   45.801
6.869   47.179
6.970   48.577
7.071   49.995
7.172   51.434
7.273   52.893
7.374   54.372
7.475   55.872
7.576   57.392
7.677   58.933
7.778   60.494
7.879   62.075
7.980   63.677
8.081   65.299
8.182   66.942
8.283   68.605
8.384   70.289
8.485   71.993
8.586   73.717
8.687   75.462
8.788   77.227
8.889   79.012
8.990   80.818
9.091   82.645
9.192   84.491
9.293   86.359
9.394   88.246
9.495   90.154
9.596   92.082
9.697   94.031
9.798   96.000
9.899   97.990
10.000  100.000
