init
launchlander   15000   0.0   -4812.84703062   0.0
parachute   17000   500
video 21500   2.57   3.14
video 21600   2.57   3.14
video 21700   2.57   3.14
video 21800   2.57   3.14
video 21900   2.57   3.14
video 22000   2.57   3.14
video 22100   2.57   3.14
video 22200   2.57   3.14
video 22300   2.57   3.14
video 22400   2.57   3.14
video 22500   2.57   3.14
video 22602   2.57   3.14
video 22703   2.57   3.14
video 22800   2.57   3.14
video 22900   2.57   3.14
video 23001   2.57   3.14
video 23100   2.57   3.14
video 23201   2.57   3.14
video 23300   2.57   3.14
video 23400   2.57   3.14
video 23500   2.57   3.14
video 23600   2.57   3.14
video 23700   2.57   3.14
video 23800   2.57   3.14
video 23900   2.57   3.14
video 24000   2.57   3.14
video 24100   2.57   3.14
#video 24200   2.57   3.14
picture 24199   3.14   3.14
picture 24200   2.57   3.14
landing   30000   80   3500
