init
picture   10000   0.54   -1.35   0.215227   -0.976564   0.000000
picture   20000   0.54   -0.80   0.699834   -0.714306   0.000000
picture   30000   0.54   -0.24   0.971964   -0.235128   0.000000
picture   40000   0.54   0.32   0.948965   0.315382   0.000000
picture   50000   0.54   0.88   0.637997   0.770039   0.000000
picture   60000   0.54   1.44   0.133657   0.991028   0.000000
picture   70000   0.54   -1.15   -0.411037   0.911619   0.000000
picture   80000   0.54   -0.59   -0.831127   0.556083   0.000000
picture   90000   0.54   -0.03   -0.999484   0.032118   0.000000
picture   100000   0.54   0.53   -0.865059   -0.501671   0.000000
picture   110000   0.54   1.08   -0.468354   -0.883541   0.000000
boost   112628   -2000   -1000   0.0
picture   10000   0.54   -1.35   0.215227   -0.976564   0.000000
picture   20000   0.54   -0.80   0.699834   -0.714306   0.000000
picture   30000   0.54   -0.24   0.971964   -0.235128   0.000000
picture   40000   0.54   0.32   0.948965   0.315382   0.000000
picture   50000   0.54   0.88   0.637997   0.770039   0.000000
picture   60000   0.54   1.44   0.133657   0.991028   0.000000
picture   70000   0.54   -1.15   -0.411037   0.911619   0.000000
picture   80000   0.54   -0.59   -0.831127   0.556083   0.000000
picture   90000   0.54   -0.03   -0.999484   0.032118   0.000000
picture   100000   0.54   0.53   -0.865059   -0.501671   0.000000
picture   110000   0.54   1.08   -0.468354   -0.883541   0.000000
boost   112628   -2000   -1000   0.0picture   10000   0.54   -1.35   0.215227   -0.976564   0.000000
picture   20000   0.54   -0.80   0.699834   -0.714306   0.000000
picture   30000   0.54   -0.24   0.971964   -0.235128   0.000000
picture   40000   0.54   0.32   0.948965   0.315382   0.000000
picture   50000   0.54   0.88   0.637997   0.770039   0.000000
picture   60000   0.54   1.44   0.133657   0.991028   0.000000
picture   70000   0.54   -1.15   -0.411037   0.911619   0.000000
picture   80000   0.54   -0.59   -0.831127   0.556083   0.000000
picture   90000   0.54   -0.03   -0.999484   0.032118   0.000000
picture   100000   0.54   0.53   -0.865059   -0.501671   0.000000
picture   110000   0.54   1.08   -0.468354   -0.883541   0.000000
picture   120000   0.54   -1.50   0.070561   -0.997507   0.000000
boost   112628   -2000   -1000   0.0picture   10000   0.54   -1.35   0.215227   -0.976564   0.000000
picture   20000   0.54   -0.80   0.699834   -0.714306   0.000000
picture   30000   0.54   -0.24   0.971964   -0.235128   0.000000
picture   40000   0.54   0.32   0.948965   0.315382   0.000000
picture   50000   0.54   0.88   0.637997   0.770039   0.000000
picture   60000   0.54   1.44   0.133657   0.991028   0.000000
picture   70000   0.54   -1.15   -0.411037   0.911619   0.000000
picture   80000   0.54   -0.59   -0.831127   0.556083   0.000000
picture   90000   0.54   -0.03   -0.999484   0.032118   0.000000
picture   100000   0.54   0.53   -0.865059   -0.501671   0.000000
picture   110000   0.54   1.08   -0.468354   -0.883541   0.000000
picture   120000   0.54   -1.50   0.070561   -0.997507   0.000000
boost   112628   -2000   -1000   0.0picture   10000   0.54   -1.35   0.215227   -0.976564   0.000000
picture   20000   0.54   -0.80   0.699834   -0.714306   0.000000
picture   30000   0.54   -0.24   0.971964   -0.235128   0.000000
picture   40000   0.54   0.32   0.948965   0.315382   0.000000
picture   50000   0.54   0.88   0.637997   0.770039   0.000000
picture   60000   0.54   1.44   0.133657   0.991028   0.000000
picture   70000   0.54   -1.15   -0.411037   0.911619   0.000000
picture   80000   0.54   -0.59   -0.831127   0.556083   0.000000
picture   90000   0.54   -0.03   -0.999484   0.032118   0.000000
picture   100000   0.54   0.53   -0.865059   -0.501671   0.000000
picture   110000   0.54   1.08   -0.468354   -0.883541   0.000000
picture   120000   0.56   1.48   -0.087445   -0.996169   0.000000
boost   112628   -2000   -1000   0.0picture   10000   0.54   -1.35   0.215227   -0.976564   0.000000
picture   20000   0.54   -0.80   0.699834   -0.714306   0.000000
picture   30000   0.54   -0.24   0.971964   -0.235128   0.000000
picture   40000   0.54   0.32   0.948965   0.315382   0.000000
picture   50000   0.54   0.88   0.637997   0.770039   0.000000
picture   60000   0.54   1.44   0.133657   0.991028   0.000000
picture   70000   0.54   -1.15   -0.411037   0.911619   0.000000
picture   80000   0.54   -0.59   -0.831127   0.556083   0.000000
picture   90000   0.54   -0.03   -0.999484   0.032118   0.000000
picture   100000   0.54   0.53   -0.865059   -0.501671   0.000000
picture   110000   0.54   1.08   -0.468354   -0.883541   0.000000
picture   120000   0.56   1.48   -0.087445   -0.996169   0.000000
boost   112628   -2000   -1000   0.0picture   10000   0.54   -1.35   0.215227   -0.976564   0.000000
picture   20000   0.54   -0.80   0.699834   -0.714306   0.000000
picture   30000   0.54   -0.24   0.971964   -0.235128   0.000000
picture   40000   0.54   0.32   0.948965   0.315382   0.000000
picture   50000   0.54   0.88   0.637997   0.770039   0.000000
picture   60000   0.54   1.44   0.133657   0.991028   0.000000
picture   70000   0.54   -1.15   -0.411037   0.911619   0.000000
picture   80000   0.54   -0.59   -0.831127   0.556083   0.000000
picture   90000   0.54   -0.03   -0.999484   0.032118   0.000000
picture   100000   0.54   0.53   -0.865059   -0.501671   0.000000
picture   110000   0.54   1.08   -0.468354   -0.883541   0.000000
picture   120000   0.56   1.48   -0.087445   -0.996169   0.000000
picture   130000   0.64   -1.40   0.172701   -0.984974   0.000000
boost   112628   -2000   -1000   0.0picture   10000   0.54   -1.35   0.215227   -0.976564   0.000000
picture   20000   0.54   -0.80   0.699834   -0.714306   0.000000
picture   30000   0.54   -0.24   0.971964   -0.235128   0.000000
picture   40000   0.54   0.32   0.948965   0.315382   0.000000
picture   50000   0.54   0.88   0.637997   0.770039   0.000000
picture   60000   0.54   1.44   0.133657   0.991028   0.000000
picture   70000   0.54   -1.15   -0.411037   0.911619   0.000000
picture   80000   0.54   -0.59   -0.831127   0.556083   0.000000
picture   90000   0.54   -0.03   -0.999484   0.032118   0.000000
picture   100000   0.54   0.53   -0.865059   -0.501671   0.000000
picture   110000   0.54   1.08   -0.468354   -0.883541   0.000000
picture   120000   0.56   1.48   -0.087445   -0.996169   0.000000
picture   130000   0.68   -1.38   0.194089   -0.980984   0.000000
boost   112628   -2000   -1000   0.0picture   10000   0.54   -1.35   0.215227   -0.976564   0.000000
picture   20000   0.54   -0.80   0.699834   -0.714306   0.000000
picture   30000   0.54   -0.24   0.971964   -0.235128   0.000000
picture   40000   0.54   0.32   0.948965   0.315382   0.000000
picture   50000   0.54   0.88   0.637997   0.770039   0.000000
picture   60000   0.54   1.44   0.133657   0.991028   0.000000
picture   70000   0.54   -1.15   -0.411037   0.911619   0.000000
picture   80000   0.54   -0.59   -0.831127   0.556083   0.000000
picture   90000   0.54   -0.03   -0.999484   0.032118   0.000000
picture   100000   0.54   0.53   -0.865059   -0.501671   0.000000
picture   110000   0.54   1.08   -0.468354   -0.883541   0.000000
picture   120000   0.56   1.48   -0.087445   -0.996169   0.000000
picture   130000   0.68   -1.38   0.194089   -0.980984   0.000000
boost   112628   -2000   -1000   0.0picture   10000   0.54   -1.35   0.215227   -0.976564   0.000000
picture   20000   0.54   -0.80   0.699834   -0.714306   0.000000
picture   30000   0.54   -0.24   0.971964   -0.235128   0.000000
picture   40000   0.54   0.32   0.948965   0.315382   0.000000
picture   50000   0.54   0.88   0.637997   0.770039   0.000000
picture   60000   0.54   1.44   0.133657   0.991028   0.000000
picture   70000   0.54   -1.15   -0.411037   0.911619   0.000000
picture   80000   0.54   -0.59   -0.831127   0.556083   0.000000
picture   90000   0.54   -0.03   -0.999484   0.032118   0.000000
picture   100000   0.54   0.53   -0.865059   -0.501671   0.000000
picture   110000   0.54   1.08   -0.468354   -0.883541   0.000000
picture   120000   0.56   1.48   -0.087445   -0.996169   0.000000
picture   130000   0.68   -1.38   0.194089   -0.980984   0.000000
boost   112628   -2000   -1000   0.0picture   10000   0.54   -1.35   0.215227   -0.976564   0.000000
picture   20000   0.54   -0.80   0.699834   -0.714306   0.000000
picture   30000   0.54   -0.24   0.971964   -0.235128   0.000000
picture   40000   0.54   0.32   0.948965   0.315382   0.000000
picture   50000   0.54   0.88   0.637997   0.770039   0.000000
picture   60000   0.54   1.44   0.133657   0.991028   0.000000
picture   70000   0.54   -1.15   -0.411037   0.911619   0.000000
picture   80000   0.54   -0.59   -0.831127   0.556083   0.000000
picture   90000   0.54   -0.03   -0.999484   0.032118   0.000000
picture   100000   0.54   0.53   -0.865059   -0.501671   0.000000
picture   110000   0.54   1.08   -0.468354   -0.883541   0.000000
picture   120000   0.56   1.48   -0.087445   -0.996169   0.000000
picture   130000   0.68   -1.38   0.194089   -0.980984   0.000000
boost   112628   -2000   -1000   0.0picture   10000   0.54   -1.35   0.215227   -0.976564   0.000000
picture   20000   0.54   -0.80   0.699834   -0.714306   0.000000
picture   30000   0.54   -0.24   0.971964   -0.235128   0.000000
picture   40000   0.54   0.32   0.948965   0.315382   0.000000
picture   50000   0.54   0.88   0.637997   0.770039   0.000000
picture   60000   0.54   1.44   0.133657   0.991028   0.000000
picture   70000   0.54   -1.15   -0.411037   0.911619   0.000000
picture   80000   0.54   -0.59   -0.831127   0.556083   0.000000
picture   90000   0.54   -0.03   -0.999484   0.032118   0.000000
picture   100000   0.54   0.53   -0.865059   -0.501671   0.000000
picture   110000   0.54   1.08   -0.468354   -0.883541   0.000000
picture   120000   0.56   1.48   -0.087445   -0.996169   0.000000
picture   130000   0.68   -1.38   0.194089   -0.980984   0.000000
boost   112628   -2000   -1000   0.0picture   10000   0.54   -1.35   0.215227   -0.976564   0.000000
picture   20000   0.54   -0.80   0.699834   -0.714306   0.000000
picture   30000   0.54   -0.24   0.971964   -0.235128   0.000000
picture   40000   0.54   0.32   0.948965   0.315382   0.000000
picture   50000   0.54   0.88   0.637997   0.770039   0.000000
picture   60000   0.54   1.44   0.133657   0.991028   0.000000
picture   70000   0.54   -1.15   -0.411037   0.911619   0.000000
picture   80000   0.54   -0.59   -0.831127   0.556083   0.000000
picture   90000   0.54   -0.03   -0.999484   0.032118   0.000000
picture   100000   0.54   0.53   -0.865059   -0.501671   0.000000
picture   110000   0.54   1.08   -0.468354   -0.883541   0.000000
picture   120000   0.56   1.48   -0.087445   -0.996169   0.000000
picture   130000   0.68   -1.38   0.194089   -0.980984   0.000000
boost   112628   -2000   -1000   0.0picture   10000   0.54   -1.35   0.215227   -0.976564   0.000000
picture   20000   0.54   -0.80   0.699834   -0.714306   0.000000
picture   30000   0.54   -0.24   0.971964   -0.235128   0.000000
picture   40000   0.54   0.32   0.948965   0.315382   0.000000
picture   50000   0.54   0.88   0.637997   0.770039   0.000000
picture   60000   0.54   1.44   0.133657   0.991028   0.000000
picture   70000   0.54   -1.15   -0.411037   0.911619   0.000000
picture   80000   0.54   -0.59   -0.831127   0.556083   0.000000
picture   90000   0.54   -0.03   -0.999484   0.032118   0.000000
picture   100000   0.54   0.53   -0.865059   -0.501671   0.000000
picture   110000   0.54   1.08   -0.468354   -0.883541   0.000000
picture   120000   0.56   1.48   -0.087445   -0.996169   0.000000
picture   130000   0.68   -1.38   0.194089   -0.980984   0.000000
boost   112628   -2000   -1000   0.0picture   10000   0.54   -1.35   0.215227   -0.976564   0.000000
picture   20000   0.54   -0.80   0.699834   -0.714306   0.000000
picture   30000   0.54   -0.24   0.971964   -0.235128   0.000000
picture   40000   0.54   0.32   0.948965   0.315382   0.000000
picture   50000   0.54   0.88   0.637997   0.770039   0.000000
picture   60000   0.54   1.44   0.133657   0.991028   0.000000
picture   70000   0.54   -1.15   -0.411037   0.911619   0.000000
picture   80000   0.54   -0.59   -0.831127   0.556083   0.000000
picture   90000   0.54   -0.03   -0.999484   0.032118   0.000000
picture   100000   0.54   0.53   -0.865059   -0.501671   0.000000
picture   110000   0.54   1.08   -0.468354   -0.883541   0.000000
picture   120000   0.56   1.48   -0.087445   -0.996169   0.000000
picture   130000   0.68   -1.38   0.194089   -0.980984   0.000000
boost   112628   -2000   -1000   0.0picture   10000   0.54   -1.35   0.215227   -0.976564   0.000000
picture   20000   0.54   -0.80   0.699834   -0.714306   0.000000
picture   30000   0.54   -0.24   0.971964   -0.235128   0.000000
picture   40000   0.54   0.32   0.948965   0.315382   0.000000
picture   50000   0.54   0.88   0.637997   0.770039   0.000000
picture   60000   0.54   1.44   0.133657   0.991028   0.000000
picture   70000   0.54   -1.15   -0.411037   0.911619   0.000000
picture   80000   0.54   -0.59   -0.831127   0.556083   0.000000
picture   90000   0.54   -0.03   -0.999484   0.032118   0.000000
picture   100000   0.54   0.53   -0.865059   -0.501671   0.000000
picture   110000   0.54   1.08   -0.468354   -0.883541   0.000000
picture   120000   0.56   1.48   -0.087445   -0.996169   0.000000
picture   130000   0.68   -1.38   0.194089   -0.980984   0.000000
boost   112628   -2000   -1000   0.0picture   10000   0.54   -1.35   0.215227   -0.976564   0.000000
picture   20000   0.54   -0.80   0.699834   -0.714306   0.000000
picture   30000   0.54   -0.24   0.971964   -0.235128   0.000000
picture   40000   0.54   0.32   0.948965   0.315382   0.000000
picture   50000   0.54   0.88   0.637997   0.770039   0.000000
picture   60000   0.54   1.44   0.133657   0.991028   0.000000
picture   70000   0.54   -1.15   -0.411037   0.911619   0.000000
picture   80000   0.54   -0.59   -0.831127   0.556083   0.000000
picture   90000   0.54   -0.03   -0.999484   0.032118   0.000000
picture   100000   0.54   0.53   -0.865059   -0.501671   0.000000
picture   110000   0.54   1.08   -0.468354   -0.883541   0.000000
picture   120000   0.56   1.48   -0.087445   -0.996169   0.000000
picture   130000   0.68   -1.38   0.194089   -0.980984   0.000000
boost   112628   -2000   -1000   0.0picture   10000   0.54   -1.35   0.215227   -0.976564   0.000000
picture   20000   0.54   -0.80   0.699834   -0.714306   0.000000
picture   30000   0.54   -0.24   0.971964   -0.235128   0.000000
picture   40000   0.54   0.32   0.948965   0.315382   0.000000
picture   50000   0.54   0.88   0.637997   0.770039   0.000000
picture   60000   0.54   1.44   0.133657   0.991028   0.000000
picture   70000   0.54   -1.15   -0.411037   0.911619   0.000000
picture   80000   0.54   -0.59   -0.831127   0.556083   0.000000
picture   90000   0.54   -0.03   -0.999484   0.032118   0.000000
picture   100000   0.54   0.53   -0.865059   -0.501671   0.000000
picture   110000   0.54   1.08   -0.468354   -0.883541   0.000000
picture   120000   0.56   1.48   -0.087445   -0.996169   0.000000
picture   130000   0.68   -1.38   0.194089   -0.980984   0.000000
boost   112628   -2000   -1000   0.0picture   10000   0.54   -1.35   0.215227   -0.976564   0.000000
picture   20000   0.54   -0.80   0.699834   -0.714306   0.000000
picture   30000   0.54   -0.24   0.971964   -0.235128   0.000000
picture   40000   0.54   0.32   0.948965   0.315382   0.000000
picture   50000   0.54   0.88   0.637997   0.770039   0.000000
picture   60000   0.54   1.44   0.133657   0.991028   0.000000
picture   70000   0.54   -1.15   -0.411037   0.911619   0.000000
picture   80000   0.54   -0.59   -0.831127   0.556083   0.000000
picture   90000   0.54   -0.03   -0.999484   0.032118   0.000000
picture   100000   0.54   0.53   -0.865059   -0.501671   0.000000
picture   110000   0.54   1.08   -0.468354   -0.883541   0.000000
picture   120000   0.56   1.48   -0.087445   -0.996169   0.000000
picture   130000   0.68   -1.38   0.194089   -0.980984   0.000000
boost   112628   -2000   -1000   0.0picture   10000   0.54   -1.35   0.215227   -0.976564   0.000000
picture   20000   0.54   -0.80   0.699834   -0.714306   0.000000
picture   30000   0.54   -0.24   0.971964   -0.235128   0.000000
picture   40000   0.54   0.32   0.948965   0.315382   0.000000
picture   50000   0.54   0.88   0.637997   0.770039   0.000000
picture   60000   0.54   1.44   0.133657   0.991028   0.000000
picture   70000   0.54   -1.15   -0.411037   0.911619   0.000000
picture   80000   0.54   -0.59   -0.831127   0.556083   0.000000
picture   90000   0.54   -0.03   -0.999484   0.032118   0.000000
picture   100000   0.54   0.53   -0.865059   -0.501671   0.000000
picture   110000   0.54   1.08   -0.468354   -0.883541   0.000000
picture   120000   0.56   1.48   -0.087445   -0.996169   0.000000
picture   130000   0.70   -1.11   0.446322   -0.894873   0.000000
picture   140000   0.99   -0.50   -0.876780   0.480892   0.000000
boost   112628   -2000   -1000   0.0picture   10000   0.54   -1.35   0.215227   -0.976564   0.000000
picture   20000   0.54   -0.80   0.699834   -0.714306   0.000000
picture   30000   0.54   -0.24   0.971964   -0.235128   0.000000
picture   40000   0.54   0.32   0.948965   0.315382   0.000000
picture   50000   0.54   0.88   0.637997   0.770039   0.000000
picture   60000   0.54   1.44   0.133657   0.991028   0.000000
picture   70000   0.54   -1.15   -0.411037   0.911619   0.000000
picture   80000   0.54   -0.59   -0.831127   0.556083   0.000000
picture   90000   0.54   -0.03   -0.999484   0.032118   0.000000
picture   100000   0.54   0.53   -0.865059   -0.501671   0.000000
picture   110000   0.54   1.08   -0.468354   -0.883541   0.000000
picture   120000   0.56   1.48   -0.087445   -0.996169   0.000000
picture   130000   0.70   -1.11   0.446322   -0.894873   0.000000
picture   140000   0.99   -0.50   -0.876780   0.480892   0.000000
boost   112628   -2000   -1000   0.0picture   10000   0.54   -1.35   0.215227   -0.976564   0.000000
picture   20000   0.54   -0.80   0.699834   -0.714306   0.000000
picture   30000   0.54   -0.24   0.971964   -0.235128   0.000000
picture   40000   0.54   0.32   0.948965   0.315382   0.000000
picture   50000   0.54   0.88   0.637997   0.770039   0.000000
picture   60000   0.54   1.44   0.133657   0.991028   0.000000
picture   70000   0.54   -1.15   -0.411037   0.911619   0.000000
picture   80000   0.54   -0.59   -0.831127   0.556083   0.000000
picture   90000   0.54   -0.03   -0.999484   0.032118   0.000000
picture   100000   0.54   0.53   -0.865059   -0.501671   0.000000
picture   110000   0.54   1.08   -0.468354   -0.883541   0.000000
picture   120000   0.56   1.48   -0.087445   -0.996169   0.000000
picture   130000   0.70   -1.11   0.446322   -0.894873   0.000000
picture   140000   0.99   -0.50   -0.876780   0.480892   0.000000
boost   112628   -2000   -1000   0.0picture   10000   0.54   -1.35   0.215227   -0.976564   0.000000
picture   20000   0.54   -0.80   0.699834   -0.714306   0.000000
picture   30000   0.54   -0.24   0.971964   -0.235128   0.000000
picture   40000   0.54   0.32   0.948965   0.315382   0.000000
picture   50000   0.54   0.88   0.637997   0.770039   0.000000
picture   60000   0.54   1.44   0.133657   0.991028   0.000000
picture   70000   0.54   -1.15   -0.411037   0.911619   0.000000
picture   80000   0.54   -0.59   -0.831127   0.556083   0.000000
picture   90000   0.54   -0.03   -0.999484   0.032118   0.000000
picture   100000   0.54   0.53   -0.865059   -0.501671   0.000000
picture   110000   0.54   1.08   -0.468354   -0.883541   0.000000
picture   120000   0.56   1.48   -0.087445   -0.996169   0.000000
picture   130000   0.70   -1.11   0.446322   -0.894873   0.000000
picture   140000   0.99   -0.50   -0.876780   0.480892   0.000000
boost   112628   -2000   -1000   0.0picture   10000   0.54   -1.35   0.215227   -0.976564   0.000000
picture   20000   0.54   -0.80   0.699834   -0.714306   0.000000
picture   30000   0.54   -0.24   0.971964   -0.235128   0.000000
picture   40000   0.54   0.32   0.948965   0.315382   0.000000
picture   50000   0.54   0.88   0.637997   0.770039   0.000000
picture   60000   0.54   1.44   0.133657   0.991028   0.000000
picture   70000   0.54   -1.15   -0.411037   0.911619   0.000000
picture   80000   0.54   -0.59   -0.831127   0.556083   0.000000
picture   90000   0.54   -0.03   -0.999484   0.032118   0.000000
picture   100000   0.54   0.53   -0.865059   -0.501671   0.000000
picture   110000   0.54   1.08   -0.468354   -0.883541   0.000000
picture   120000   0.56   1.48   -0.087445   -0.996169   0.000000
picture   130000   0.70   -1.11   0.446322   -0.894873   0.000000
picture   140000   0.99   -0.50   -0.876780   0.480892   0.000000
boost   112628   -2000   -1000   0.0picture   10000   0.54   -1.35   0.215227   -0.976564   0.000000
picture   20000   0.54   -0.80   0.699834   -0.714306   0.000000
picture   30000   0.54   -0.24   0.971964   -0.235128   0.000000
picture   40000   0.54   0.32   0.948965   0.315382   0.000000
picture   50000   0.54   0.88   0.637997   0.770039   0.000000
picture   60000   0.54   1.44   0.133657   0.991028   0.000000
picture   70000   0.54   -1.15   -0.411037   0.911619   0.000000
picture   80000   0.54   -0.59   -0.831127   0.556083   0.000000
picture   90000   0.54   -0.03   -0.999484   0.032118   0.000000
picture   100000   0.54   0.53   -0.865059   -0.501671   0.000000
picture   110000   0.54   1.08   -0.468354   -0.883541   0.000000
picture   120000   0.56   1.48   -0.087445   -0.996169   0.000000
picture   130000   0.70   -1.11   0.446322   -0.894873   0.000000
picture   140000   0.99   -0.50   -0.876780   0.480892   0.000000
boost   112628   -2000   -1000   0.0picture   10000   0.54   -1.35   0.215227   -0.976564   0.000000
picture   20000   0.54   -0.80   0.699834   -0.714306   0.000000
picture   30000   0.54   -0.24   0.971964   -0.235128   0.000000
picture   40000   0.54   0.32   0.948965   0.315382   0.000000
picture   50000   0.54   0.88   0.637997   0.770039   0.000000
picture   60000   0.54   1.44   0.133657   0.991028   0.000000
picture   70000   0.54   -1.15   -0.411037   0.911619   0.000000
picture   80000   0.54   -0.59   -0.831127   0.556083   0.000000
picture   90000   0.54   -0.03   -0.999484   0.032118   0.000000
picture   100000   0.54   0.53   -0.865059   -0.501671   0.000000
picture   110000   0.54   1.08   -0.468354   -0.883541   0.000000
picture   120000   0.56   1.48   -0.087445   -0.996169   0.000000
picture   130000   0.70   -1.11   0.446322   -0.894873   0.000000
picture   140000   0.99   -0.50   -0.876780   0.480892   0.000000
boost   112628   -2000   -1000   0.0picture   10000   0.54   -1.35   0.215227   -0.976564   0.000000
picture   20000   0.54   -0.80   0.699834   -0.714306   0.000000
picture   30000   0.54   -0.24   0.971964   -0.235128   0.000000
picture   40000   0.54   0.32   0.948965   0.315382   0.000000
picture   50000   0.54   0.88   0.637997   0.770039   0.000000
picture   60000   0.54   1.44   0.133657   0.991028   0.000000
picture   70000   0.54   -1.15   -0.411037   0.911619   0.000000
picture   80000   0.54   -0.59   -0.831127   0.556083   0.000000
picture   90000   0.54   -0.03   -0.999484   0.032118   0.000000
picture   100000   0.54   0.53   -0.865059   -0.501671   0.000000
picture   110000   0.54   1.08   -0.468354   -0.883541   0.000000
picture   120000   0.56   1.48   -0.087445   -0.996169   0.000000
picture   130000   0.68   -1.38   0.194089   -0.980984   0.000000
boost   112628   -2000   -1000   0.0picture   10000   0.54   -1.35   0.215227   -0.976564   0.000000
picture   20000   0.54   -0.80   0.699834   -0.714306   0.000000
picture   30000   0.54   -0.24   0.971964   -0.235128   0.000000
picture   40000   0.54   0.32   0.948965   0.315382   0.000000
picture   50000   0.54   0.88   0.637997   0.770039   0.000000
picture   60000   0.54   1.44   0.133657   0.991028   0.000000
picture   70000   0.54   -1.15   -0.411037   0.911619   0.000000
picture   80000   0.54   -0.59   -0.831127   0.556083   0.000000
picture   90000   0.54   -0.03   -0.999484   0.032118   0.000000
picture   100000   0.54   0.53   -0.865059   -0.501671   0.000000
picture   110000   0.54   1.08   -0.468354   -0.883541   0.000000
picture   120000   0.54   -1.50   0.070561   -0.997507   0.000000
picture   130000   0.54   -0.94   0.588200   -0.808716   0.000000
picture   140000   0.54   -0.38   0.927292   -0.374338   0.000000
boost   112628   -2000   -1000   0.0picture   10000   0.54   -1.35   0.215227   -0.976564   0.000000
picture   20000   0.54   -0.80   0.699834   -0.714306   0.000000
picture   30000   0.54   -0.24   0.971964   -0.235128   0.000000
picture   40000   0.54   0.32   0.948965   0.315382   0.000000
picture   50000   0.54   0.88   0.637997   0.770039   0.000000
picture   60000   0.54   1.44   0.133657   0.991028   0.000000
picture   70000   0.54   -1.15   -0.411037   0.911619   0.000000
picture   80000   0.54   -0.59   -0.831127   0.556083   0.000000
picture   90000   0.54   -0.03   -0.999484   0.032118   0.000000
picture   100000   0.54   0.53   -0.865059   -0.501671   0.000000
picture   110000   0.54   1.08   -0.468354   -0.883541   0.000000
picture   120000   0.54   -1.50   0.070561   -0.997507   0.000000
picture   130000   0.54   -0.94   0.588200   -0.808716   0.000000
picture   140000   0.54   -0.38   0.927292   -0.374338   0.000000
boost   112628   -2000   -1000   0.0picture   10000   0.54   -1.35   0.215227   -0.976564   0.000000
picture   20000   0.54   -0.80   0.699834   -0.714306   0.000000
picture   30000   0.54   -0.24   0.971964   -0.235128   0.000000
picture   40000   0.54   0.32   0.948965   0.315382   0.000000
picture   50000   0.54   0.88   0.637997   0.770039   0.000000
picture   60000   0.54   1.44   0.133657   0.991028   0.000000
picture   70000   0.54   -1.15   -0.411037   0.911619   0.000000
picture   80000   0.54   -0.59   -0.831127   0.556083   0.000000
picture   90000   0.54   -0.03   -0.999484   0.032118   0.000000
picture   100000   0.54   0.53   -0.865059   -0.501671   0.000000
picture   110000   0.54   1.08   -0.468354   -0.883541   0.000000
picture   120000   0.54   -1.50   0.070561   -0.997507   0.000000
picture   130000   0.54   -0.94   0.588200   -0.808716   0.000000
picture   140000   0.54   -0.38   0.927292   -0.374338   0.000000
boost   112628   -2000   -1000   0.0picture   10000   0.54   -1.35   0.215227   -0.976564   0.000000
picture   20000   0.54   -0.80   0.699834   -0.714306   0.000000
picture   30000   0.54   -0.24   0.971964   -0.235128   0.000000
picture   40000   0.54   0.32   0.948965   0.315382   0.000000
picture   50000   0.54   0.88   0.637997   0.770039   0.000000
picture   60000   0.54   1.44   0.133657   0.991028   0.000000
picture   70000   0.54   -1.15   -0.411037   0.911619   0.000000
picture   80000   0.54   -0.59   -0.831127   0.556083   0.000000
picture   90000   0.54   -0.03   -0.999484   0.032118   0.000000
picture   100000   0.54   0.53   -0.865059   -0.501671   0.000000
picture   110000   0.54   1.08   -0.468354   -0.883541   0.000000
picture   120000   0.54   -1.50   0.070561   -0.997507   0.000000
picture   130000   0.54   -0.94   0.588200   -0.808716   0.000000
picture   140000   0.54   -0.38   0.927292   -0.374338   0.000000
boost   112628   -2000   -1000   0.0picture   10000   0.54   -1.35   0.215227   -0.976564   0.000000
picture   20000   0.54   -0.80   0.699834   -0.714306   0.000000
picture   30000   0.54   -0.24   0.971964   -0.235128   0.000000
picture   40000   0.54   0.32   0.948965   0.315382   0.000000
picture   50000   0.54   0.88   0.637997   0.770039   0.000000
picture   60000   0.54   1.44   0.133657   0.991028   0.000000
picture   70000   0.54   -1.15   -0.411037   0.911619   0.000000
picture   80000   0.54   -0.59   -0.831127   0.556083   0.000000
picture   90000   0.54   -0.03   -0.999484   0.032118   0.000000
picture   100000   0.54   0.53   -0.865059   -0.501671   0.000000
picture   110000   0.54   1.08   -0.468354   -0.883541   0.000000
picture   120000   0.55   1.25   -0.315340   -0.948979   0.000000
picture   130000   0.69   1.29   -0.276418   -0.961038   0.000000
boost   112628   -2000   -1000   0.0